00100000
00100010
00100100
00100101
00100111
00101001
00101011
00101101
00101110
00110000
00110010
00110100
00110110
00110111
00111001
00111011
00111101
00111111
01000000
01000010
01000100
01000110
01001000
01001001
01001011
01001101
01001111
01010001
01010010
01010100
01010110
01011000
01011010
01011011
01011101
01011111
01100001
01100011
01100100
01100110
01101000
01101010
01101100
01101101
01101111
01110001
01110011
01110101
01110110
01111000
01111010
01111100
01111110
01111111
10000001
10000011
10000101
10000111
10001000
10001010
10001100
10001110
10010000
10010001
10010011
10010101
10010111
10011001
10011010
10011100
10011110
10100000
10100010
10100011
10100101
10100111
10101001
10101011
10101100
10101110
10110000
10110010
10110100
10110101
10110111
10111001
10111011
10111101
10111110
11000000
11000010
11000100
11000110
11000111
11001001
11001011
11001101
11001111
11010000
11010010
11010100
