00000
00001
00010
00011
00100
00101
00110
00111
01000
01001
01010
01011
01100
01101
01110
01111
00010
00011
00100
00101
00110
00111
01000
01001
01010
01011
01100
01101
01110
01111
10000
00100
00101
00110
00111
01000
01001
01010
01011
01100
01101
01110
01111
10000
10001
00110
00111
01000
01001
01010
01011
01100
01101
01110
01111
10000
10001
10010
01000
01001
01010
01011
01100
01101
01110
01111
10000
10001
10010
10011
01010
01011
01100
01101
01110
01111
10000
10001
10010
10011
10100
01100
01101
01110
01111
10000
10001
10010
10011
10100
10101
01110
01111
10000
10001
10010
10011
10100
10101
10110
10000
10001
10010
10011
10100
10101
10110
10111
10010
10011
10100
10101
10110
10111
11000
10100
10101
10110
10111
11000
11001
10110
10111
11000
11001
11010
11000
11001
11010
11011
11010
11011
11100
11100
11101
11110
